2,-2,0//2x1
7,-2,0//4x1
4,-4,0//3x3
0,-3,0//2x2
11,-2,0//2x1
13,-5,0//4x4
[11,-2,0]
-1,0,1,0|||Room5.tscn
[12,-2,0]
0,0,-1,0|||Room5.tscn
[4,-2,0]
-1,0,1,-1|||Room2.tscn
[4,-3,0]
-1,-1,0,-1|||Room2.tscn
[5,-3,0]
-1,-1,-1,-1|||Room2.tscn
[6,-3,0]
0,-1,-1,-1|||Room2.tscn
[6,-2,0]
1,0,-1,-1|||Room2.tscn
[5,-2,0]
-1,0,-1,-1|||Room2.tscn
[7,-2,0]
-1,0,1,0|||Room4.tscn
[8,-2,0]
-1,0,-1,0|||Room4.tscn
[9,-2,0]
-1,0,-1,0|||Room4.tscn
[10,-2,0]
1,0,-1,0|||Room4.tscn
[0,-3,0]
-1,-1,0,0|||Room1.tscn
[1,-2,0]
1,0,-1,-1|||Room1.tscn
[0,-2,0]
-1,0,0,-1||1|Room1.tscn
[1,-3,0]
0,-1,-1,0|||Room1.tscn
[2,-2,0]
-1,0,1,0|||Room3.tscn
[3,-2,0]
1,0,-1,0|||Room3.tscn
[4,-4,0]
-1,-1,0,0|||Room2.tscn
[5,-4,0]
-1,-1,-1,0|||Room2.tscn
[6,-4,0]
0,-1,-1,0|||Room2.tscn
[13,-4,0]
-1,-1,0,-1|||Room6.tscn
[13,-3,0]
-1,-1,0,-1|||Room6.tscn
[13,-2,0]
-1,0,0,-1|||Room6.tscn
[14,-4,0]
-1,-1,-1,-1|||Room6.tscn
[14,-3,0]
-1,-1,-1,-1|||Room6.tscn
[14,-2,0]
-1,0,-1,-1|||Room6.tscn
[13,-5,0]
-1,-1,0,0|||Room6.tscn
[14,-5,0]
-1,-1,-1,0|||Room6.tscn
[15,-5,0]
-1,-1,-1,0|||Room6.tscn
[15,-4,0]
-1,-1,-1,-1|||Room6.tscn
[15,-3,0]
-1,-1,-1,-1|||Room6.tscn
[15,-2,0]
-1,0,-1,-1|||Room6.tscn
[16,-5,0]
0,-1,-1,0|||Room6.tscn
[16,-4,0]
0,-1,-1,-1|||Room6.tscn
[16,-3,0]
0,-1,-1,-1|||Room6.tscn
[16,-2,0]
0,0,-1,-1||1|Room6.tscn
