0,-3,0//2x2
2,-2,0//2x1
4,-3,0//3x2
7,-2,0//4x1
11,-3,0//2x2
13,-4,0//4x3
[7,-2,0]
-1,0,1,0|||
[8,-2,0]
-1,0,-1,0|||
[9,-2,0]
-1,0,-1,0|||
[10,-2,0]
1,0,-1,0|||
[11,-3,0]
-1,-1,0,0|||
[11,-2,0]
-1,0,1,-1|||
[12,-3,0]
0,-1,-1,0|||
[12,-2,0]
1,0,-1,-1|||
[13,-4,0]
-1,-1,0,0|||
[13,-3,0]
-1,-1,0,-1|||
[13,-2,0]
-1,0,1,-1|||
[14,-4,0]
-1,-1,-1,0|||
[14,-3,0]
-1,-1,-1,-1|||
[14,-2,0]
-1,0,-1,-1|||
[15,-4,0]
-1,-1,-1,0|||
[15,-3,0]
-1,-1,-1,-1|||
[15,-2,0]
-1,0,-1,-1|||
[16,-4,0]
0,-1,-1,0||1|
[16,-3,0]
0,-1,-1,-1|||
[16,-2,0]
0,0,-1,-1|||
[1,-2,0]
1,0,-1,-1|||
[1,-3,0]
0,-1,-1,0|||
[0,-3,0]
-1,-1,0,0|||
[0,-2,0]
-1,0,0,-1||1|
[2,-2,0]
-1,0,1,0|||
[3,-2,0]
1,0,-1,0|||
[4,-2,0]
-1,0,1,-1|||
[4,-3,0]
-1,-1,0,0|||
[5,-3,0]
-1,-1,-1,0|||
[6,-3,0]
0,-1,-1,0|||
[6,-2,0]
1,0,-1,-1|||
[5,-2,0]
-1,0,-1,-1|||
